"","Genotype","Replicate","Dose_.ppm.","Alive","Dead","Total","ld50","ld50_se","ld50_ci_lower","ld50_ci_upper"
"1","SS",1,0,47,3,50,1.38443982468608,0.318680658239696,0.75982573453628,2.00905391483589
"2","SS",2,0,42,8,50,1.38443982468608,0.318680658239696,0.75982573453628,2.00905391483589
"3","SS",1,2.5,11,39,50,1.38443982468608,0.318680658239696,0.75982573453628,2.00905391483589
"4","SS",2,2.5,5,45,50,1.38443982468608,0.318680658239696,0.75982573453628,2.00905391483589
"5","SS",1,5,0,50,50,1.38443982468608,0.318680658239696,0.75982573453628,2.00905391483589
"6","SS",2,5,0,50,50,1.38443982468608,0.318680658239696,0.75982573453628,2.00905391483589
"7","SS",1,7.5,0,50,50,1.38443982468608,0.318680658239696,0.75982573453628,2.00905391483589
"8","SS",2,7.5,0,50,50,1.38443982468608,0.318680658239696,0.75982573453628,2.00905391483589
"9","SS",1,10,0,50,50,1.38443982468608,0.318680658239696,0.75982573453628,2.00905391483589
"10","SS",2,10,0,50,50,1.38443982468608,0.318680658239696,0.75982573453628,2.00905391483589
"11","SS",1,15,0,50,50,1.38443982468608,0.318680658239696,0.75982573453628,2.00905391483589
"12","SS",2,15,0,50,50,1.38443982468608,0.318680658239696,0.75982573453628,2.00905391483589
"13","SS",1,20,0,50,50,1.38443982468608,0.318680658239696,0.75982573453628,2.00905391483589
"14","SS",2,20,0,50,50,1.38443982468608,0.318680658239696,0.75982573453628,2.00905391483589
"15","SS",1,25,0,50,50,1.38443982468608,0.318680658239696,0.75982573453628,2.00905391483589
"16","SS",2,25,0,50,50,1.38443982468608,0.318680658239696,0.75982573453628,2.00905391483589
"17","SS",1,30,0,50,50,1.38443982468608,0.318680658239696,0.75982573453628,2.00905391483589
"18","SS",2,30,0,50,50,1.38443982468608,0.318680658239696,0.75982573453628,2.00905391483589
"19","R1R1",1,0,37,13,50,1.45028741823796,0.225338617867018,1.0086237272186,1.89195110925731
"20","R1R1",2,0,37,13,50,1.45028741823796,0.225338617867018,1.0086237272186,1.89195110925731
"21","R1R1",1,2.5,14,36,50,1.45028741823796,0.225338617867018,1.0086237272186,1.89195110925731
"22","R1R1",2,2.5,23,27,50,1.45028741823796,0.225338617867018,1.0086237272186,1.89195110925731
"23","R1R1",1,5,0,50,50,1.45028741823796,0.225338617867018,1.0086237272186,1.89195110925731
"24","R1R1",2,5,0,50,50,1.45028741823796,0.225338617867018,1.0086237272186,1.89195110925731
"25","R1R1",1,7.5,0,50,50,1.45028741823796,0.225338617867018,1.0086237272186,1.89195110925731
"26","R1R1",2,7.5,0,50,50,1.45028741823796,0.225338617867018,1.0086237272186,1.89195110925731
"27","R1R1",1,10,0,50,50,1.45028741823796,0.225338617867018,1.0086237272186,1.89195110925731
"28","R1R1",2,10,0,50,50,1.45028741823796,0.225338617867018,1.0086237272186,1.89195110925731
"29","R1R1",1,15,0,50,50,1.45028741823796,0.225338617867018,1.0086237272186,1.89195110925731
"30","R1R1",2,15,0,50,50,1.45028741823796,0.225338617867018,1.0086237272186,1.89195110925731
"31","R1R1",1,20,0,50,50,1.45028741823796,0.225338617867018,1.0086237272186,1.89195110925731
"32","R1R1",2,20,0,50,50,1.45028741823796,0.225338617867018,1.0086237272186,1.89195110925731
"33","R1R1",1,25,0,50,50,1.45028741823796,0.225338617867018,1.0086237272186,1.89195110925731
"34","R1R1",2,25,0,50,50,1.45028741823796,0.225338617867018,1.0086237272186,1.89195110925731
"35","R1R1",1,30,0,50,50,1.45028741823796,0.225338617867018,1.0086237272186,1.89195110925731
"36","R1R1",2,30,0,50,50,1.45028741823796,0.225338617867018,1.0086237272186,1.89195110925731
"37","R2R2",1,0,40,10,50,7.72412670751814,0.160615785174256,7.4093197685766,8.03893364645968
"38","R2R2",2,0,39,11,50,7.72412670751814,0.160615785174256,7.4093197685766,8.03893364645968
"39","R2R2",1,2.5,42,8,50,7.72412670751814,0.160615785174256,7.4093197685766,8.03893364645968
"40","R2R2",2,2.5,35,15,50,7.72412670751814,0.160615785174256,7.4093197685766,8.03893364645968
"41","R2R2",1,5,31,19,50,7.72412670751814,0.160615785174256,7.4093197685766,8.03893364645968
"42","R2R2",2,5,37,13,50,7.72412670751814,0.160615785174256,7.4093197685766,8.03893364645968
"43","R2R2",1,7.5,29,21,50,7.72412670751814,0.160615785174256,7.4093197685766,8.03893364645968
"44","R2R2",2,7.5,30,20,50,7.72412670751814,0.160615785174256,7.4093197685766,8.03893364645968
"45","R2R2",1,10,19,31,50,7.72412670751814,0.160615785174256,7.4093197685766,8.03893364645968
"46","R2R2",2,10,22,28,50,7.72412670751814,0.160615785174256,7.4093197685766,8.03893364645968
"47","R2R2",1,15,8,42,50,7.72412670751814,0.160615785174256,7.4093197685766,8.03893364645968
"48","R2R2",2,15,7,43,50,7.72412670751814,0.160615785174256,7.4093197685766,8.03893364645968
"49","R2R2",1,20,0,50,50,7.72412670751814,0.160615785174256,7.4093197685766,8.03893364645968
"50","R2R2",2,20,1,49,50,7.72412670751814,0.160615785174256,7.4093197685766,8.03893364645968
"51","R2R2",1,25,0,50,50,7.72412670751814,0.160615785174256,7.4093197685766,8.03893364645968
"52","R2R2",2,25,0,50,50,7.72412670751814,0.160615785174256,7.4093197685766,8.03893364645968
"53","R2R2",1,30,0,50,50,7.72412670751814,0.160615785174256,7.4093197685766,8.03893364645968
"54","R2R2",2,30,0,50,50,7.72412670751814,0.160615785174256,7.4093197685766,8.03893364645968
"55","R3R3",1,0,37,13,50,10.1539430212464,0.156061018279362,9.84806342541881,10.4598226170739
"56","R3R3",2,0,43,7,50,10.1539430212464,0.156061018279362,9.84806342541881,10.4598226170739
"57","R3R3",1,2.5,38,12,50,10.1539430212464,0.156061018279362,9.84806342541881,10.4598226170739
"58","R3R3",2,2.5,43,7,50,10.1539430212464,0.156061018279362,9.84806342541881,10.4598226170739
"59","R3R3",1,5,33,17,50,10.1539430212464,0.156061018279362,9.84806342541881,10.4598226170739
"60","R3R3",2,5,35,15,50,10.1539430212464,0.156061018279362,9.84806342541881,10.4598226170739
"61","R3R3",1,7.5,37,13,50,10.1539430212464,0.156061018279362,9.84806342541881,10.4598226170739
"62","R3R3",2,7.5,38,12,50,10.1539430212464,0.156061018279362,9.84806342541881,10.4598226170739
"63","R3R3",1,10,26,24,50,10.1539430212464,0.156061018279362,9.84806342541881,10.4598226170739
"64","R3R3",2,10,40,10,50,10.1539430212464,0.156061018279362,9.84806342541881,10.4598226170739
"65","R3R3",1,15,10,40,50,10.1539430212464,0.156061018279362,9.84806342541881,10.4598226170739
"66","R3R3",2,15,12,38,50,10.1539430212464,0.156061018279362,9.84806342541881,10.4598226170739
"67","R3R3",1,20,6,44,50,10.1539430212464,0.156061018279362,9.84806342541881,10.4598226170739
"68","R3R3",2,20,6,44,50,10.1539430212464,0.156061018279362,9.84806342541881,10.4598226170739
"69","R3R3",1,25,1,49,50,10.1539430212464,0.156061018279362,9.84806342541881,10.4598226170739
"70","R3R3",2,25,0,50,50,10.1539430212464,0.156061018279362,9.84806342541881,10.4598226170739
"71","R3R3",1,30,0,50,50,10.1539430212464,0.156061018279362,9.84806342541881,10.4598226170739
"72","R3R3",2,30,0,50,50,10.1539430212464,0.156061018279362,9.84806342541881,10.4598226170739
"73","SR1",1,0,38,12,50,2.07330659123006,0.268470066427779,1.54710526103161,2.59950792142851
"74","SR1",2,0,44,6,50,2.07330659123006,0.268470066427779,1.54710526103161,2.59950792142851
"75","SR1",1,2.5,23,27,50,2.07330659123006,0.268470066427779,1.54710526103161,2.59950792142851
"76","SR1",2,2.5,29,21,50,2.07330659123006,0.268470066427779,1.54710526103161,2.59950792142851
"77","SR1",1,5,0,50,50,2.07330659123006,0.268470066427779,1.54710526103161,2.59950792142851
"78","SR1",2,5,0,50,50,2.07330659123006,0.268470066427779,1.54710526103161,2.59950792142851
"79","SR1",1,7.5,0,50,50,2.07330659123006,0.268470066427779,1.54710526103161,2.59950792142851
"80","SR1",2,7.5,0,50,50,2.07330659123006,0.268470066427779,1.54710526103161,2.59950792142851
"81","SR1",1,10,0,50,50,2.07330659123006,0.268470066427779,1.54710526103161,2.59950792142851
"82","SR1",2,10,0,50,50,2.07330659123006,0.268470066427779,1.54710526103161,2.59950792142851
"83","SR1",1,15,0,50,50,2.07330659123006,0.268470066427779,1.54710526103161,2.59950792142851
"84","SR1",2,15,0,50,50,2.07330659123006,0.268470066427779,1.54710526103161,2.59950792142851
"85","SR1",1,20,0,50,50,2.07330659123006,0.268470066427779,1.54710526103161,2.59950792142851
"86","SR1",2,20,0,50,50,2.07330659123006,0.268470066427779,1.54710526103161,2.59950792142851
"87","SR1",1,25,0,50,50,2.07330659123006,0.268470066427779,1.54710526103161,2.59950792142851
"88","SR1",2,25,0,50,50,2.07330659123006,0.268470066427779,1.54710526103161,2.59950792142851
"89","SR1",1,30,0,50,50,2.07330659123006,0.268470066427779,1.54710526103161,2.59950792142851
"90","SR1",2,30,0,50,50,2.07330659123006,0.268470066427779,1.54710526103161,2.59950792142851
"91","SR2",1,0,38,12,50,6.40319381673981,0.212340559010056,5.9870063210801,6.81938131239952
"92","SR2",2,0,46,4,50,6.40319381673981,0.212340559010056,5.9870063210801,6.81938131239952
"93","SR2",1,2.5,36,14,50,6.40319381673981,0.212340559010056,5.9870063210801,6.81938131239952
"94","SR2",2,2.5,44,6,50,6.40319381673981,0.212340559010056,5.9870063210801,6.81938131239952
"95","SR2",1,5,37,13,50,6.40319381673981,0.212340559010056,5.9870063210801,6.81938131239952
"96","SR2",2,5,41,9,50,6.40319381673981,0.212340559010056,5.9870063210801,6.81938131239952
"97","SR2",1,7.5,23,27,50,6.40319381673981,0.212340559010056,5.9870063210801,6.81938131239952
"98","SR2",2,7.5,20,30,50,6.40319381673981,0.212340559010056,5.9870063210801,6.81938131239952
"99","SR2",1,10,5,45,50,6.40319381673981,0.212340559010056,5.9870063210801,6.81938131239952
"100","SR2",2,10,10,40,50,6.40319381673981,0.212340559010056,5.9870063210801,6.81938131239952
"101","SR2",1,15,0,50,50,6.40319381673981,0.212340559010056,5.9870063210801,6.81938131239952
"102","SR2",2,15,1,49,50,6.40319381673981,0.212340559010056,5.9870063210801,6.81938131239952
"103","SR2",1,20,0,50,50,6.40319381673981,0.212340559010056,5.9870063210801,6.81938131239952
"104","SR2",2,20,0,50,50,6.40319381673981,0.212340559010056,5.9870063210801,6.81938131239952
"105","SR2",1,25,0,50,50,6.40319381673981,0.212340559010056,5.9870063210801,6.81938131239952
"106","SR2",2,25,0,50,50,6.40319381673981,0.212340559010056,5.9870063210801,6.81938131239952
"107","SR2",1,30,0,50,50,6.40319381673981,0.212340559010056,5.9870063210801,6.81938131239952
"108","SR2",2,30,0,50,50,6.40319381673981,0.212340559010056,5.9870063210801,6.81938131239952
"109","SR3",1,0,42,8,50,8.5115523587937,0.227509216079249,8.06563429527838,8.95747042230903
"110","SR3",2,0,44,6,50,8.5115523587937,0.227509216079249,8.06563429527838,8.95747042230903
"111","SR3",1,2.5,48,2,50,8.5115523587937,0.227509216079249,8.06563429527838,8.95747042230903
"112","SR3",2,2.5,44,6,50,8.5115523587937,0.227509216079249,8.06563429527838,8.95747042230903
"113","SR3",1,5,38,12,50,8.5115523587937,0.227509216079249,8.06563429527838,8.95747042230903
"114","SR3",2,5,46,4,50,8.5115523587937,0.227509216079249,8.06563429527838,8.95747042230903
"115","SR3",1,7.5,35,15,50,8.5115523587937,0.227509216079249,8.06563429527838,8.95747042230903
"116","SR3",2,7.5,29,21,50,8.5115523587937,0.227509216079249,8.06563429527838,8.95747042230903
"117","SR3",1,10,19,31,50,8.5115523587937,0.227509216079249,8.06563429527838,8.95747042230903
"118","SR3",2,10,20,30,50,8.5115523587937,0.227509216079249,8.06563429527838,8.95747042230903
"119","SR3",1,15,3,47,50,8.5115523587937,0.227509216079249,8.06563429527838,8.95747042230903
"120","SR3",2,15,2,48,50,8.5115523587937,0.227509216079249,8.06563429527838,8.95747042230903
"121","SR3",1,20,0,50,50,8.5115523587937,0.227509216079249,8.06563429527838,8.95747042230903
"122","SR3",2,20,0,50,50,8.5115523587937,0.227509216079249,8.06563429527838,8.95747042230903
"123","SR3",1,25,0,50,50,8.5115523587937,0.227509216079249,8.06563429527838,8.95747042230903
"124","SR3",2,25,0,50,50,8.5115523587937,0.227509216079249,8.06563429527838,8.95747042230903
"125","SR3",1,30,0,50,50,8.5115523587937,0.227509216079249,8.06563429527838,8.95747042230903
"126","SR3",2,30,0,50,50,8.5115523587937,0.227509216079249,8.06563429527838,8.95747042230903
